<?xml version="1.0" encoding="utf-8"?>
<COLLADA xmlns="http://www.collada.org/2005/11/COLLADASchema" version="1.4.1">
<asset>
	<contributor>
		<author> Anonymous </author>
		<authoring_tool> Collada Exporter for Blender 2.6+, by Juan Linietsky (juan@codenix.com) </authoring_tool>
	</contributor>
	<created>2016-11-10T19:03:32Z     </created>
	<modified>2016-11-10T19:03:32Z</modified>
	<unit meter="1.0" name="meter"/>
	<up_axis>Z_UP</up_axis>
</asset>
<library_images>
</library_images>
<library_effects>
</library_effects>
<library_materials>
</library_materials>
<library_geometries>
	<geometry id="id-mesh-2" name="Cube.007">
		<mesh>
			<source id="id-mesh-2-positions">
				<float_array id="id-mesh-2-positions-array" count="2061"> -4.364187240600586 0.7030285596847534 1.491487979888916 -1.9682347774505615 1.8689601421356201 1.9216358661651611 -4.364187240600586 1.8689601421356201 1.9216358661651611 -4.128934860229492 1.2104483842849731 0.0 -4.364187240600586 1.688369631767273 0.0 -4.364187240600586 1.2104483842849731 0.0 -1.9682347774505615 1.8689601421356201 1.9216358661651611 -1.9682347774505615 1.6299992799758911 0.7231789827346802 -1.9682347774505615 2.107919931411743 0.7231789827346802 -4.364187240600586 3.0348916053771973 0.7231789827346802 -1.9682347774505615 3.0348916053771973 1.491487979888916 -1.9682347774505615 3.0348916053771973 0.7231789827346802 -4.364187240600586 1.688369631767273 0.7231789827346802 -4.364187240600586 3.0348916053771973 1.491487979888916 -4.364187240600586 3.0348916053771973 0.7231789827346802 -4.364187240600586 1.8689601421356201 1.9216358661651611 -1.9682347774505615 3.0348916053771973 1.491487979888916 -4.364187240600586 3.0348916053771973 1.491487979888916 -1.9682347774505615 -0.4110225439071655 3.0022709369659424 -1.9682347774505615 0.7030285596847534 3.268383264541626 -1.9682347774505615 0.7030285596847534 3.0022709369659424 -1.9682347774505615 0.7030285596847534 0.0 -4.364187240600586 1.2104483842849731 0.0 -1.9682347774505615 1.6299992799758911 0.0 -4.364187240600586 -0.17274366319179535 0.07030653953552246 -4.364187240600586 -0.7030285596847534 0.0 -4.364187240600586 -0.7030285596847534 0.7231789827346802 -1.9682347774505615 2.107919931411743 0.0 -4.364187240600586 3.0348916053771973 0.0 -1.9682347774505615 3.0348916053771973 0.0 -1.9682347774505615 3.0348916053771973 0.0 -1.9682347774505615 2.107919931411743 0.0 -4.128934860229492 1.688369631767273 0.7231789827346802 -4.128934860229492 1.2104483842849731 0.0 -4.128934860229492 1.2104483842849731 0.7231789827346802 -1.9682347774505615 0.7030285596847534 1.491487979888916 -1.9682347774505615 1.8689601421356201 1.9216358661651611 -4.364187240600586 0.7030285596847534 0.0 -4.364187240600586 1.2104483842849731 0.7231789827346802 -4.364187240600586 1.2104483842849731 0.0 -1.9682347774505615 1.8689601421356201 1.9216358661651611 -4.364187240600586 1.8689601421356201 1.9216358661651611 -4.364187240600586 1.688369631767273 0.0 -1.9682347774505615 0.7030285596847534 0.0 -1.9682347774505615 0.7030285596847534 0.7231789827346802 -4.364187240600586 3.0348916053771973 0.0 -1.9682347774505615 3.0348916053771973 0.0 -4.364187240600586 1.688369631767273 0.0 -4.364187240600586 3.0348916053771973 0.0 -1.9682347774505615 3.0348916053771973 1.491487979888916 -4.128934860229492 1.688369631767273 0.0 -4.364187240600586 1.688369631767273 0.7231789827346802 -4.364187240600586 1.688369631767273 0.0 -4.128934860229492 1.688369631767273 0.5470008850097656 -4.364187240600586 1.688369631767273 0.7231789827346802 -4.128934860229492 1.688369631767273 0.7231789827346802 -4.128934860229492 1.2104483842849731 0.7231789827346802 -4.364187240600586 1.2104483842849731 0.0 -4.364187240600586 1.2104483842849731 0.7231789827346802 -1.9682347774505615 -0.7030285596847534 0.0 -4.364187240600586 -0.7030285596847534 0.7231789827346802 -4.364187240600586 -0.7030285596847534 0.0 -4.364187240600586 -2.1808509826660156 1.491487979888916 -4.364187240600586 -1.066799521446228 2.4105896949768066 -4.364187240600586 -1.066799521446228 1.491487979888916 -1.9682347774505615 0.7030285596847534 0.7231789827346802 1.9682331085205078 0.7030285596847534 0.0 -1.9682347774505615 0.7030285596847534 0.0 -1.9682347774505615 -2.1808509826660156 0.7231789827346802 1.9682331085205078 -2.1808509826660156 1.491487979888916 -1.9682347774505615 -2.1808509826660156 1.491487979888916 -4.364187240600586 0.5239721536636353 0.07030653953552246 -4.364187240600586 0.7030285596847534 0.7231789827346802 -4.364187240600586 0.38540711998939514 0.14845037460327148 -4.364187240600586 0.17561379075050354 0.1836153268814087 -4.364187240600586 -0.034179553389549255 0.14845037460327148 -2.0332906246185303 0.5239721536636353 0.0 -4.364187240600586 0.5239721536636353 0.07030653953552246 -4.364187240600586 0.5239721536636353 0.0 -2.0332906246185303 0.38540711998939514 0.2281585931777954 -4.364187240600586 0.17561379075050354 0.1836153268814087 -4.364187240600586 0.38540711998939514 0.14845037460327148 -4.364187240600586 -0.17274366319179535 0.07030653953552246 -2.0332906246185303 -0.17274366319179535 0.0 -4.364187240600586 -0.17274366319179535 0.0 -2.0332906246185303 0.5239721536636353 0.15001487731933594 -4.364187240600586 0.5239721536636353 0.07030653953552246 -4.364187240600586 -0.034179553389549255 0.14845037460327148 -2.0332906246185303 -0.17274366319179535 0.15001487731933594 -4.364187240600586 -0.17274366319179535 0.07030653953552246 -2.0332906246185303 -0.034179553389549255 0.2281585931777954 1.9682331085205078 -2.1808509826660156 2.4105896949768066 -1.9682347774505615 -2.1808509826660156 2.4105896949768066 -4.364187240600586 -2.1808509826660156 1.491487979888916 -4.364187240600586 -2.1808509826660156 0.7231789827346802 -1.9682347774505615 0.7030285596847534 3.268383264541626 1.9682331085205078 -0.6532106399536133 4.062375068664551 1.9682331085205078 0.7030285596847534 3.268383264541626 -1.9682347774505615 -2.1808509826660156 0.7231789827346802 -4.364187240600586 -0.7030285596847534 0.7231789827346802 -1.9682347774505615 -0.7030285596847534 0.7231789827346802 -4.364187240600586 -2.1808509826660156 2.4105896949768066 -4.128934860229492 1.688369631767273 0.5470008850097656 -4.364187240600586 1.2104483842849731 0.5470008850097656 -4.364187240600586 1.688369631767273 0.5470008850097656 -4.128934860229492 1.2104483842849731 0.5470008850097656 -4.128934860229492 1.688369631767273 0.7231789827346802 -4.128934860229492 1.2104483842849731 0.7231789827346802 -4.364187240600586 1.2104483842849731 0.5470008850097656 -4.128934860229492 1.2104483842849731 0.7231789827346802 -4.364187240600586 1.2104483842849731 0.7231789827346802 -4.364187240600586 1.688369631767273 0.5470008850097656 -2.0332906246185303 -0.034179553389549255 0.2281585931777954 -2.0332906246185303 0.17561379075050354 0.26332342624664307 -2.0332906246185303 -0.17274366319179535 0.0 -3.166210889816284 -2.1808509826660156 -0.006088733673095703 -3.166210889816284 -0.7030285596847534 0.7622207403182983 -3.166210889816284 -0.7030285596847534 -0.006088733673095703 -5.266386985778809 -1.3923909664154053 0.7231789827346802 -5.266386985778809 -0.7197867631912231 0.7231789827346802 1.9682331085205078 -1.066799521446228 2.4105896949768066 1.9682331085205078 -2.1808509826660156 1.491487979888916 1.9682331085205078 -1.066799521446228 1.491487979888916 -1.9671533107757568 -1.9231547117233276 2.6762619018554688 -1.8588464260101318 -1.76640784740448 2.6762619018554688 -1.9671533107757568 -1.76640784740448 2.6762619018554688 -4.364187240600586 -0.4110225439071655 1.491487979888916 -4.364187240600586 0.7030285596847534 2.4105896949768066 -4.364187240600586 0.7030285596847534 1.491487979888916 -4.364187240600586 0.7030285596847534 1.491487979888916 -1.9682347774505615 0.7030285596847534 2.4105896949768066 -1.9682347774505615 0.7030285596847534 1.491487979888916 1.9682331085205078 -0.4110225439071655 3.0022709369659424 1.9682331085205078 0.7030285596847534 3.268383264541626 1.9682331085205078 -0.6532106399536133 4.062375068664551 -4.272650718688965 0.6114922761917114 2.6610686779022217 -1.9682347774505615 0.7030285596847534 2.6610686779022217 -4.364187240600586 0.7030285596847534 2.6610686779022217 -4.272650718688965 0.6114922761917114 2.630838394165039 -1.9682347774505615 0.7030285596847534 2.630838394165039 -2.059770345687866 0.6114922761917114 2.630838394165039 -1.9682347774505615 -2.1808509826660156 2.630838394165039 -4.272650718688965 -2.0893144607543945 2.630838394165039 -2.059770345687866 -2.0893144607543945 2.630838394165039 -4.364187240600586 -2.1808509826660156 2.630838394165039 -1.9682347774505615 0.7030285596847534 2.630838394165039 -1.9682347774505615 -0.08629785478115082 2.6610686779022217 -1.9682347774505615 -0.08629785478115082 2.630838394165039 -4.272650718688965 -2.0893144607543945 2.6610686779022217 -1.9682347774505615 -2.1808509826660156 2.6610686779022217 -2.059770345687866 -2.0893144607543945 2.6610686779022217 -4.364187240600586 -2.1808509826660156 2.6610686779022217 -2.059770345687866 0.6114922761917114 2.6610686779022217 -1.9682347774505615 -0.08629785478115082 2.6610686779022217 -4.272650718688965 -2.0893144607543945 2.630838394165039 -2.059770345687866 -2.0893144607543945 2.6610686779022217 -2.059770345687866 -2.0893144607543945 2.630838394165039 -4.364187240600586 -2.1808509826660156 2.630838394165039 -4.364187240600586 0.7030285596847534 2.6610686779022217 -4.364187240600586 0.7030285596847534 2.630838394165039 -4.364187240600586 0.7030285596847534 2.630838394165039 -1.9682347774505615 0.7030285596847534 2.6610686779022217 -1.9682347774505615 0.7030285596847534 2.630838394165039 -4.272650718688965 0.6114922761917114 2.630838394165039 -4.272650718688965 -2.0893144607543945 2.6610686779022217 -4.272650718688965 -2.0893144607543945 2.630838394165039 -2.059770345687866 0.6114922761917114 2.630838394165039 -4.272650718688965 0.6114922761917114 2.6610686779022217 -4.272650718688965 0.6114922761917114 2.630838394165039 -1.9682347774505615 -1.3915241956710815 2.630838394165039 -1.9682347774505615 -2.1808509826660156 2.6610686779022217 -1.9682347774505615 -2.1808509826660156 2.630838394165039 -1.9682347774505615 -2.1808509826660156 2.630838394165039 -4.364187240600586 -2.1808509826660156 2.6610686779022217 -4.364187240600586 -2.1808509826660156 2.630838394165039 -2.059770345687866 -0.08629785478115082 2.630838394165039 -2.059770345687866 0.6114922761917114 2.6610686779022217 -2.059770345687866 0.6114922761917114 2.630838394165039 -2.046090841293335 -2.007905960083008 2.3944449424743652 -2.1604058742523193 -2.116614818572998 2.3944449424743652 -2.1604058742523193 -2.007905960083008 2.3944449424743652 -2.1604058742523193 -2.116614818572998 3.215956926345825 -2.046090841293335 -2.007905960083008 3.215956926345825 -2.1604058742523193 -2.007905960083008 3.215956926345825 -2.046090841293335 -2.007905960083008 2.3944449424743652 -2.046090841293335 -2.116614818572998 3.215956926345825 -2.046090841293335 -2.116614818572998 2.3944449424743652 -2.046090841293335 -2.116614818572998 2.3944449424743652 -2.1604058742523193 -2.116614818572998 3.215956926345825 -2.1604058742523193 -2.116614818572998 2.3944449424743652 -2.1604058742523193 -2.116614818572998 2.3944449424743652 -2.1604058742523193 -2.007905960083008 3.215956926345825 -2.1604058742523193 -2.007905960083008 2.3944449424743652 -2.1604058742523193 -2.007905960083008 2.3944449424743652 -2.046090841293335 -2.007905960083008 3.215956926345825 -2.046090841293335 -2.007905960083008 2.3944449424743652 -4.2100372314453125 -2.007905960083008 2.3944449424743652 -4.324352264404297 -2.116614818572998 2.3944449424743652 -4.324352264404297 -2.007905960083008 2.3944449424743652 -4.324352264404297 -2.116614818572998 3.215956926345825 -4.2100372314453125 -2.007905960083008 3.215956926345825 -4.324352264404297 -2.007905960083008 3.215956926345825 -4.2100372314453125 -2.007905960083008 2.3944449424743652 -4.2100372314453125 -2.116614818572998 3.215956926345825 -4.2100372314453125 -2.116614818572998 2.3944449424743652 -4.2100372314453125 -2.116614818572998 2.3944449424743652 -4.324352264404297 -2.116614818572998 3.215956926345825 -4.324352264404297 -2.116614818572998 2.3944449424743652 -4.324352264404297 -2.116614818572998 2.3944449424743652 -4.324352264404297 -2.007905960083008 3.215956926345825 -4.324352264404297 -2.007905960083008 2.3944449424743652 -4.324352264404297 -2.007905960083008 2.3944449424743652 -4.2100372314453125 -2.007905960083008 3.215956926345825 -4.2100372314453125 -2.007905960083008 2.3944449424743652 -4.2100372314453125 0.665237545967102 2.3944449424743652 -4.324352264404297 0.5565286874771118 2.3944449424743652 -4.324352264404297 0.665237545967102 2.3944449424743652 -4.324352264404297 0.5565286874771118 3.215956926345825 -4.2100372314453125 0.665237545967102 3.215956926345825 -4.324352264404297 0.665237545967102 3.215956926345825 -4.2100372314453125 0.665237545967102 2.3944449424743652 -4.2100372314453125 0.5565286874771118 3.215956926345825 -4.2100372314453125 0.5565286874771118 2.3944449424743652 -4.2100372314453125 0.5565286874771118 2.3944449424743652 -4.324352264404297 0.5565286874771118 3.215956926345825 -4.324352264404297 0.5565286874771118 2.3944449424743652 -4.324352264404297 0.5565286874771118 2.3944449424743652 -4.324352264404297 0.665237545967102 3.215956926345825 -4.324352264404297 0.665237545967102 2.3944449424743652 -4.324352264404297 0.665237545967102 2.3944449424743652 -4.2100372314453125 0.665237545967102 3.215956926345825 -4.2100372314453125 0.665237545967102 2.3944449424743652 -2.018541097640991 0.665237545967102 2.3944449424743652 -2.1328561305999756 0.5565286874771118 2.3944449424743652 -2.1328561305999756 0.665237545967102 2.3944449424743652 -2.1328561305999756 0.5565286874771118 3.215956926345825 -2.018541097640991 0.665237545967102 3.215956926345825 -2.1328561305999756 0.665237545967102 3.215956926345825 -2.018541097640991 0.665237545967102 2.3944449424743652 -2.018541097640991 0.5565286874771118 3.215956926345825 -2.018541097640991 0.5565286874771118 2.3944449424743652 -2.018541097640991 0.5565286874771118 2.3944449424743652 -2.1328561305999756 0.5565286874771118 3.215956926345825 -2.1328561305999756 0.5565286874771118 2.3944449424743652 -2.1328561305999756 0.5565286874771118 2.3944449424743652 -2.1328561305999756 0.665237545967102 3.215956926345825 -2.1328561305999756 0.665237545967102 2.3944449424743652 -2.1328561305999756 0.665237545967102 2.3944449424743652 -2.018541097640991 0.665237545967102 3.215956926345825 -2.018541097640991 0.665237545967102 2.3944449424743652 -1.9682347774505615 -1.3915241956710815 2.630838394165039 -2.059770345687866 -1.3915241956710815 2.630838394165039 -1.9682347774505615 -1.3915241956710815 2.6610686779022217 -2.059770345687866 -1.3915241956710815 2.6610686779022217 -2.1328561305999756 -0.16207395493984222 2.3944449424743652 -2.1328561305999756 -0.05336509644985199 3.215956926345825 -2.1328561305999756 -0.05336509644985199 2.3944449424743652 -2.059770345687866 -2.0893144607543945 2.630838394165039 -2.059770345687866 -1.3915241956710815 2.6610686779022217 -2.059770345687866 -1.3915241956710815 2.630838394165039 -2.018541097640991 -0.16207395493984222 2.3944449424743652 -2.1328561305999756 -0.16207395493984222 3.215956926345825 -2.1328561305999756 -0.16207395493984222 2.3944449424743652 -2.018541097640991 -0.05336509644985199 2.3944449424743652 -2.018541097640991 -0.16207395493984222 3.215956926345825 -2.018541097640991 -0.16207395493984222 2.3944449424743652 -2.1328561305999756 -0.16207395493984222 3.215956926345825 -2.018541097640991 -0.05336509644985199 3.215956926345825 -2.1328561305999756 -0.05336509644985199 3.215956926345825 -2.018541097640991 -0.05336509644985199 2.3944449424743652 -2.1328561305999756 -0.16207395493984222 2.3944449424743652 -2.1328561305999756 -0.05336509644985199 2.3944449424743652 -1.9682347774505615 -0.08629785478115082 2.630838394165039 -2.059770345687866 -0.08629785478115082 2.630838394165039 -2.1328561305999756 -0.05336509644985199 2.3944449424743652 -2.018541097640991 -0.05336509644985199 3.215956926345825 -2.018541097640991 -0.05336509644985199 2.3944449424743652 -2.1328561305999756 -1.4656108617782593 2.3944449424743652 -2.1328561305999756 -1.356902003288269 3.215956926345825 -2.1328561305999756 -1.356902003288269 2.3944449424743652 -2.018541097640991 -1.4656108617782593 2.3944449424743652 -2.1328561305999756 -1.4656108617782593 3.215956926345825 -2.1328561305999756 -1.4656108617782593 2.3944449424743652 -2.018541097640991 -1.356902003288269 2.3944449424743652 -2.018541097640991 -1.4656108617782593 3.215956926345825 -2.018541097640991 -1.4656108617782593 2.3944449424743652 -2.1328561305999756 -1.4656108617782593 3.215956926345825 -2.018541097640991 -1.356902003288269 3.215956926345825 -2.1328561305999756 -1.356902003288269 3.215956926345825 -2.018541097640991 -1.356902003288269 2.3944449424743652 -2.1328561305999756 -1.4656108617782593 2.3944449424743652 -2.1328561305999756 -1.356902003288269 2.3944449424743652 -2.1328561305999756 -1.356902003288269 2.3944449424743652 -2.018541097640991 -1.356902003288269 3.215956926345825 -2.018541097640991 -1.356902003288269 2.3944449424743652 -1.9039475917816162 0.7734822034835815 3.2182223796844482 -1.9219682216644287 -2.2415225505828857 3.2337074279785156 -1.9039475917816162 -2.265153169631958 3.2182223796844482 -4.428473472595215 -2.265153169631958 3.2182223796844482 -1.9219682216644287 -2.2415225505828857 3.2337074279785156 -4.410453796386719 -2.2415225505828857 3.2337074279785156 -1.9039475917816162 0.7734822034835815 3.2182223796844482 -1.9039475917816162 -2.265153169631958 3.196930408477783 -1.9039475917816162 0.7734822034835815 3.196930408477783 -4.428473472595215 -2.265153169631958 3.196930408477783 -4.428473472595215 0.7734822034835815 3.2182223796844482 -4.428473472595215 0.7734822034835815 3.196930408477783 -1.9039475917816162 -2.265153169631958 3.196930408477783 -4.428473472595215 -2.265153169631958 3.2182223796844482 -4.428473472595215 -2.265153169631958 3.196930408477783 -1.9219682216644287 0.7537332773208618 3.2337074279785156 -3.0565593242645264 -0.7655109167098999 4.0660552978515625 -4.428473472595215 0.7734822034835815 3.196930408477783 -1.9039475917816162 0.7734822034835815 3.2182223796844482 -1.9039475917816162 0.7734822034835815 3.196930408477783 -3.275860548019409 -0.7655109167098999 4.0660552978515625 -4.428473472595215 0.7734822034835815 3.2182223796844482 -4.410453796386719 -2.2415225505828857 3.2337074279785156 -4.410453796386719 0.7537332773208618 3.2337074279785156 -3.0565593242645264 -0.5015486478805542 4.0660552978515625 -3.275860548019409 -0.5015486478805542 4.0660552978515625 -4.428473472595215 0.7734822034835815 3.2182223796844482 -1.9219682216644287 0.7537332773208618 3.2337074279785156 -1.9039475917816162 0.7734822034835815 3.2182223796844482 -3.275860548019409 -0.7655109167098999 4.0660552978515625 -3.275860548019409 -0.5015486478805542 4.0660552978515625 -3.275860548019409 -0.5015486478805542 4.0660552978515625 -3.0565593242645264 -0.5015486478805542 4.0660552978515625 -4.149283409118652 0.49429264664649963 3.177891731262207 -4.02211856842041 -1.8255475759506226 3.2055842876434326 -4.149283409118652 -1.9859637022018433 3.177891731262207 -3.011101484298706 -0.4468330144882202 4.03504753112793 -3.3213183879852295 -0.8202255964279175 4.03504753112793 -3.3213183879852295 -0.4468330144882202 4.03504753112793 -3.3213183879852295 -0.8202255964279175 4.084791660308838 -3.011101484298706 -0.4468330144882202 4.084791660308838 -3.3213183879852295 -0.4468330144882202 4.084791660308838 -3.3213183879852295 -0.8202255964279175 4.03504753112793 -3.3213183879852295 -0.4468330144882202 4.084791660308838 -3.3213183879852295 -0.4468330144882202 4.03504753112793 -3.3213183879852295 -0.4468330144882202 4.03504753112793 -3.011101484298706 -0.4468330144882202 4.084791660308838 -3.011101484298706 -0.4468330144882202 4.03504753112793 -3.011101484298706 -0.4468330144882202 4.03504753112793 -3.011101484298706 -0.8202255964279175 4.084791660308838 -3.011101484298706 -0.8202255964279175 4.03504753112793 -3.011101484298706 -0.8202255964279175 4.03504753112793 -3.3213183879852295 -0.8202255964279175 4.084791660308838 -3.3213183879852295 -0.8202255964279175 4.03504753112793 -3.1032159328460693 -0.5577071905136108 4.084791660308838 -3.229203939437866 -0.7093518972396851 4.084791660308838 -3.229203939437866 -0.5577071905136108 4.084791660308838 -3.17340350151062 -0.6421879529953003 4.423430442810059 -3.1590163707733154 -0.6248711347579956 4.423430442810059 -3.17340350151062 -0.6248711347579956 4.423430442810059 -3.1032159328460693 -0.5577071905136108 4.084791660308838 -3.1590163707733154 -0.6421879529953003 4.423430442810059 -3.1032159328460693 -0.7093518972396851 4.084791660308838 -3.1032159328460693 -0.7093518972396851 4.084791660308838 -3.17340350151062 -0.6421879529953003 4.423430442810059 -3.229203939437866 -0.7093518972396851 4.084791660308838 -3.229203939437866 -0.7093518972396851 4.084791660308838 -3.17340350151062 -0.6248711347579956 4.423430442810059 -3.229203939437866 -0.5577071905136108 4.084791660308838 -3.229203939437866 -0.5577071905136108 4.084791660308838 -3.1590163707733154 -0.6248711347579956 4.423430442810059 -3.1032159328460693 -0.5577071905136108 4.084791660308838 1.9682331085205078 -0.7030285596847534 0.7231789827346802 -1.9682347774505615 -0.7030285596847534 0.7231789827346802 1.9682331085205078 -2.1808509826660156 3.0022709369659424 -1.9682347774505615 -2.1808509826660156 3.268383264541626 -1.9682347774505615 -2.1808509826660156 3.0022709369659424 -1.9682347774505615 0.7030285596847534 3.0022709369659424 1.9682331085205078 0.7030285596847534 3.268383264541626 1.9682331085205078 0.7030285596847534 3.0022709369659424 -1.9682347774505615 0.7030285596847534 0.0 1.9682331085205078 -0.7030285596847534 0.0 -1.9682347774505615 -0.7030285596847534 0.0 1.9682331085205078 0.7030285596847534 2.4105896949768066 1.9682331085205078 -0.4110225439071655 1.491487979888916 1.9682331085205078 0.7030285596847534 1.491487979888916 1.9682331085205078 0.7030285596847534 0.0 1.9682331085205078 -0.7030285596847534 0.7231789827346802 1.9682331085205078 -0.7030285596847534 0.0 1.9682331085205078 0.7030285596847534 0.7231789827346802 1.9682331085205078 -2.1808509826660156 0.7231789827346802 1.9682331085205078 0.7030285596847534 1.491487979888916 -4.364187240600586 -2.1808509826660156 2.4105896949768066 -1.9682347774505615 -1.066799521446228 2.4105896949768066 -4.364187240600586 -1.066799521446228 2.4105896949768066 1.9682331085205078 -1.066799521446228 3.0022709369659424 1.9682331085205078 -2.1808509826660156 3.268383264541626 1.9682331085205078 -2.1808509826660156 3.0022709369659424 1.9682331085205078 -0.6532106399536133 4.062375068664551 -1.9682347774505615 -2.1808509826660156 3.268383264541626 1.9682331085205078 -2.1808509826660156 3.268383264541626 -4.364187240600586 -0.4110225439071655 2.4105896949768066 -1.9682347774505615 0.7030285596847534 2.4105896949768066 -4.364187240600586 0.7030285596847534 2.4105896949768066 1.9682331085205078 -0.4110225439071655 2.4105896949768066 -1.9682347774505615 -1.066799521446228 3.0022709369659424 -3.011101484298706 -0.6532106399536133 4.062375068664551 -1.9682347774505615 -2.1808509826660156 3.268383264541626 -1.9682347774505615 -0.4110225439071655 3.0022709369659424 -1.8449151515960693 -1.066799521446228 3.0022709369659424 -1.9682347774505615 -1.066799521446228 3.0022709369659424 1.9682331085205078 -2.1808509826660156 2.4105896949768066 1.9682331085205078 0.7030285596847534 2.4105896949768066 -1.9682347774505615 0.024999529123306274 2.9411513805389404 -1.9130303859710693 0.024999529123306274 2.7538251876831055 -1.9682347774505615 0.024999529123306274 2.7538251876831055 -1.8449151515960693 -1.066799521446228 3.0022709369659424 -1.8449151515960693 -0.4110225439071655 2.4105896949768066 -1.8449151515960693 -1.066799521446228 2.4105896949768066 -1.9682347774505615 -1.066799521446228 3.0022709369659424 -1.8449151515960693 -1.066799521446228 2.4105896949768066 -1.9682347774505615 -1.066799521446228 2.4105896949768066 -1.8449151515960693 -0.4110225439071655 2.4105896949768066 -1.9682347774505615 -0.4110225439071655 2.4105896949768066 -1.9682347774505615 -0.4110225439071655 2.4105896949768066 -1.8449151515960693 -0.4110225439071655 3.0022709369659424 -1.9682347774505615 -0.4110225439071655 3.0022709369659424 -1.9682347774505615 0.024999529123306274 2.9411513805389404 -1.9682347774505615 0.7030285596847534 3.0022709369659424 -1.9682347774505615 0.4073545038700104 2.9411513805389404 -1.9682347774505615 0.4073545038700104 2.7538251876831055 -1.9682347774505615 0.7030285596847534 2.4105896949768066 -1.9682347774505615 0.024999529123306274 2.7538251876831055 -1.9682347774505615 -0.4110225439071655 3.0022709369659424 -1.9682347774505615 -0.4110225439071655 2.4105896949768066 -1.9130303859710693 0.024999529123306274 2.7538251876831055 -1.9130303859710693 0.4073545038700104 2.9411513805389404 -1.9130303859710693 0.4073545038700104 2.7538251876831055 -1.9682347774505615 0.4073545038700104 2.9411513805389404 -1.9130303859710693 0.024999529123306274 2.9411513805389404 -1.9682347774505615 0.024999529123306274 2.9411513805389404 -1.9682347774505615 0.024999529123306274 2.7538251876831055 -1.9130303859710693 0.4073545038700104 2.7538251876831055 -1.9682347774505615 0.4073545038700104 2.7538251876831055 -1.9682347774505615 0.4073545038700104 2.7538251876831055 -1.9130303859710693 0.4073545038700104 2.9411513805389404 -1.9682347774505615 0.4073545038700104 2.9411513805389404 -1.9671533107757568 -1.76640784740448 2.6762619018554688 -1.9682347774505615 -1.066799521446228 3.0022709369659424 -1.9682347774505615 -1.066799521446228 2.4105896949768066 -1.9671533107757568 -1.9231547117233276 2.6762619018554688 -1.9682347774505615 -2.1808509826660156 3.0022709369659424 -1.9671533107757568 -1.9231547117233276 2.984365224838257 -1.9671533107757568 -1.76640784740448 2.984365224838257 -1.9682347774505615 -2.1808509826660156 2.4105896949768066 -1.8588464260101318 -1.9231547117233276 2.6762619018554688 -1.8588464260101318 -1.76640784740448 2.984365224838257 -1.8588464260101318 -1.76640784740448 2.6762619018554688 -1.9671533107757568 -1.9231547117233276 2.984365224838257 -1.8588464260101318 -1.9231547117233276 2.6762619018554688 -1.9671533107757568 -1.9231547117233276 2.6762619018554688 -1.9671533107757568 -1.76640784740448 2.984365224838257 -1.8588464260101318 -1.9231547117233276 2.984365224838257 -1.9671533107757568 -1.9231547117233276 2.984365224838257 -1.9671533107757568 -1.76640784740448 2.6762619018554688 -1.8588464260101318 -1.76640784740448 2.984365224838257 -1.9671533107757568 -1.76640784740448 2.984365224838257 -1.98960280418396 0.6878279447555542 3.177891731262207 -4.428473472595215 0.7734822034835815 3.196930408477783 -1.9039475917816162 0.7734822034835815 3.196930408477783 -1.98960280418396 -2.1794991493225098 3.177891731262207 -4.428473472595215 -2.265153169631958 3.196930408477783 -4.3428192138671875 -2.1794991493225098 3.177891731262207 -4.3428192138671875 0.6878279447555542 3.177891731262207 -1.9039475917816162 -2.265153169631958 3.196930408477783 -2.1831376552581787 0.49429264664649963 3.177891731262207 -2.1831376552581787 -1.9859637022018433 3.177891731262207 -2.310302495956421 0.33387675881385803 3.2055842876434326 -3.773669958114624 0.020463377237319946 3.2609691619873047 -4.02211856842041 0.33387675881385803 3.2055842876434326 -2.310302495956421 -1.8255475759506226 3.2055842876434326 -2.558750867843628 -1.5121344327926636 3.2609691619873047 -2.558750867843628 0.020463377237319946 3.2609691619873047 -3.773669958114624 -1.5121344327926636 3.2609691619873047 -4.364187240600586 1.8689601421356201 1.9216358661651611 -4.364187240600586 0.7030285596847534 1.491487979888916 -4.340423583984375 3.0348916053771973 1.4644126892089844 -1.9682345390319824 3.1005094051361084 1.4644126892089844 -1.9682347774505615 3.0348916053771973 1.4644126892089844 -4.419304847717285 3.1005094051361084 1.5054574012756348 -1.9682345390319824 3.1005094051361084 1.4644126892089844 -4.419304847717285 3.1005094051361084 1.4644126892089844 -4.340423583984375 3.0348916053771973 1.5054574012756348 -1.9682345390319824 3.1005094051361084 1.5054574012756348 -4.419304847717285 3.1005094051361084 1.5054574012756348 -4.419304847717285 -2.2464687824249268 1.5054574012756348 -4.340423583984375 3.0348916053771973 1.5054574012756348 -4.419304847717285 3.1005094051361084 1.5054574012756348 -4.419304847717285 -2.2464687824249268 1.4644126892089844 -4.419304847717285 3.1005094051361084 1.5054574012756348 -4.419304847717285 3.1005094051361084 1.4644126892089844 -4.340423583984375 -2.1808509826660156 1.4644126892089844 -4.419304847717285 3.1005094051361084 1.4644126892089844 -4.340423583984375 3.0348916053771973 1.4644126892089844 -4.340423583984375 -2.1808509826660156 0.7231789827346802 -4.419304847717285 3.1005094051361084 0.7231789827346802 -4.340423583984375 3.0348916053771973 0.7231789827346802 -4.419304847717285 -2.2464687824249268 0.7231789827346802 -4.419304847717285 3.1005094051361084 0.7642236948013306 -4.419304847717285 3.1005094051361084 0.7231789827346802 -4.419304847717285 -2.2464687824249268 0.7642236948013306 -4.340423583984375 3.0348916053771973 0.7642236948013306 -4.419304847717285 3.1005094051361084 0.7642236948013306 -4.340423583984375 3.0348916053771973 0.7642236948013306 -1.9682345390319824 3.1005094051361084 0.7642236948013306 -4.419304847717285 3.1005094051361084 0.7642236948013306 -4.419304847717285 3.1005094051361084 0.7642236948013306 -1.9682345390319824 3.1005094051361084 0.7231789827346802 -4.419304847717285 3.1005094051361084 0.7231789827346802 -4.340423583984375 3.0348916053771973 0.7231789827346802 -1.9682345390319824 3.1005094051361084 0.7231789827346802 -1.9682347774505615 3.0348916053771973 0.7231789827346802 -5.266386985778809 -0.8853505849838257 1.491487979888916 -5.266386985778809 -0.5868855714797974 1.491487979888916 -5.266386985778809 -0.7197867631912231 0.7231789827346802 -4.364187240600586 -0.4110225439071655 1.491487979888916 -5.266386985778809 -0.07984529435634613 1.491487979888916 -5.266386985778809 -0.5868855714797974 1.491487979888916 -5.266386985778809 -0.8853505849838257 1.491487979888916 -4.364187240600586 -1.066799521446228 1.491487979888916 -4.364187240600586 0.7030285596847534 0.7231789827346802 -5.266386985778809 -0.07984529435634613 1.491487979888916 -4.364187240600586 0.7030285596847534 1.491487979888916 -5.266386985778809 -1.3923909664154053 1.491487979888916 -4.364187240600586 -2.1808509826660156 1.491487979888916 -5.266386985778809 -0.07984529435634613 0.7231789827346802 -4.364187240600586 0.7030285596847534 0.7231789827346802 -4.364187240600586 -2.1808509826660156 1.491487979888916 -5.266386985778809 -1.3923909664154053 0.7231789827346802 -4.364187240600586 -2.1808509826660156 0.7231789827346802 -1.9682347774505615 0.7030285596847534 1.491487979888916 -4.128934860229492 1.688369631767273 0.0 -4.364187240600586 3.0348916053771973 1.491487979888916 -1.9682347774505615 1.8689601421356201 1.9216358661651611 -4.364187240600586 0.7030285596847534 0.0 -4.364187240600586 -0.17274366319179535 0.0 -1.9682347774505615 3.0348916053771973 0.7231789827346802 -4.128934860229492 1.688369631767273 0.0 -1.9682347774505615 1.6299992799758911 0.0 -4.128934860229492 1.688369631767273 0.7231789827346802 -4.364187240600586 1.688369631767273 0.5470008850097656 -4.128934860229492 1.2104483842849731 0.0 -4.364187240600586 -2.1808509826660156 2.4105896949768066 1.9682331085205078 -2.1808509826660156 0.7231789827346802 -4.364187240600586 0.5239721536636353 0.0 -2.0332906246185303 0.5239721536636353 0.15001487731933594 -2.0332906246185303 0.17561379075050354 0.26332342624664307 -2.0332906246185303 -0.17274366319179535 0.15001487731933594 -3.011101484298706 -0.6532106399536133 4.062375068664551 -4.364187240600586 -2.1808509826660156 0.7231789827346802 -4.128934860229492 1.2104483842849731 0.5470008850097656 -4.128934860229492 1.688369631767273 0.5470008850097656 -4.128934860229492 1.2104483842849731 0.5470008850097656 -4.364187240600586 1.2104483842849731 0.5470008850097656 -2.0332906246185303 0.5239721536636353 0.0 -2.0332906246185303 -0.17274366319179535 0.15001487731933594 -2.0332906246185303 0.38540711998939514 0.2281585931777954 -2.0332906246185303 0.5239721536636353 0.15001487731933594 -3.166210889816284 -2.1808509826660156 0.7622207403182983 -1.8588464260101318 -1.9231547117233276 2.6762619018554688 -4.364187240600586 -0.4110225439071655 2.4105896949768066 -4.364187240600586 0.7030285596847534 2.4105896949768066 1.9682331085205078 0.7030285596847534 3.0022709369659424 -4.364187240600586 0.7030285596847534 2.630838394165039 -1.9682347774505615 0.7030285596847534 2.6610686779022217 -2.059770345687866 -0.08629785478115082 2.6610686779022217 -4.272650718688965 -2.0893144607543945 2.6610686779022217 -4.364187240600586 -2.1808509826660156 2.6610686779022217 -4.364187240600586 0.7030285596847534 2.6610686779022217 -4.272650718688965 0.6114922761917114 2.6610686779022217 -2.059770345687866 0.6114922761917114 2.6610686779022217 -1.9682347774505615 -1.3915241956710815 2.6610686779022217 -1.9682347774505615 -2.1808509826660156 2.6610686779022217 -2.059770345687866 -0.08629785478115082 2.6610686779022217 -2.046090841293335 -2.116614818572998 2.3944449424743652 -2.046090841293335 -2.116614818572998 3.215956926345825 -2.046090841293335 -2.007905960083008 3.215956926345825 -2.046090841293335 -2.116614818572998 3.215956926345825 -2.1604058742523193 -2.116614818572998 3.215956926345825 -2.1604058742523193 -2.007905960083008 3.215956926345825 -4.2100372314453125 -2.116614818572998 2.3944449424743652 -4.2100372314453125 -2.116614818572998 3.215956926345825 -4.2100372314453125 -2.007905960083008 3.215956926345825 -4.2100372314453125 -2.116614818572998 3.215956926345825 -4.324352264404297 -2.116614818572998 3.215956926345825 -4.324352264404297 -2.007905960083008 3.215956926345825 -4.2100372314453125 0.5565286874771118 2.3944449424743652 -4.2100372314453125 0.5565286874771118 3.215956926345825 -4.2100372314453125 0.665237545967102 3.215956926345825 -4.2100372314453125 0.5565286874771118 3.215956926345825 -4.324352264404297 0.5565286874771118 3.215956926345825 -4.324352264404297 0.665237545967102 3.215956926345825 -2.018541097640991 0.5565286874771118 2.3944449424743652 -2.018541097640991 0.5565286874771118 3.215956926345825 -2.018541097640991 0.665237545967102 3.215956926345825 -2.018541097640991 0.5565286874771118 3.215956926345825 -2.1328561305999756 0.5565286874771118 3.215956926345825 -2.1328561305999756 0.665237545967102 3.215956926345825 -2.1328561305999756 -0.16207395493984222 3.215956926345825 -2.059770345687866 -2.0893144607543945 2.6610686779022217 -2.018541097640991 -0.16207395493984222 3.215956926345825 -2.018541097640991 -0.05336509644985199 3.215956926345825 -2.018541097640991 -0.16207395493984222 3.215956926345825 -2.018541097640991 -0.16207395493984222 2.3944449424743652 -2.1328561305999756 -0.05336509644985199 3.215956926345825 -2.1328561305999756 -1.4656108617782593 3.215956926345825 -2.018541097640991 -1.4656108617782593 3.215956926345825 -2.018541097640991 -1.356902003288269 3.215956926345825 -2.018541097640991 -1.4656108617782593 3.215956926345825 -2.018541097640991 -1.4656108617782593 2.3944449424743652 -2.1328561305999756 -1.356902003288269 3.215956926345825 -1.9039475917816162 -2.265153169631958 3.2182223796844482 -1.9039475917816162 -2.265153169631958 3.2182223796844482 -4.428473472595215 -2.265153169631958 3.2182223796844482 -1.9039475917816162 -2.265153169631958 3.2182223796844482 -3.0565593242645264 -0.5015486478805542 4.0660552978515625 -4.428473472595215 0.7734822034835815 3.2182223796844482 -3.0565593242645264 -0.7655109167098999 4.0660552978515625 -4.428473472595215 -2.265153169631958 3.2182223796844482 -4.410453796386719 0.7537332773208618 3.2337074279785156 -3.011101484298706 -0.8202255964279175 4.03504753112793 -3.011101484298706 -0.8202255964279175 4.084791660308838 -3.3213183879852295 -0.8202255964279175 4.084791660308838 -3.3213183879852295 -0.4468330144882202 4.084791660308838 -3.011101484298706 -0.4468330144882202 4.084791660308838 -3.011101484298706 -0.8202255964279175 4.084791660308838 -3.1032159328460693 -0.7093518972396851 4.084791660308838 -3.1590163707733154 -0.6421879529953003 4.423430442810059 -3.1590163707733154 -0.6248711347579956 4.423430442810059 -3.1590163707733154 -0.6421879529953003 4.423430442810059 -3.17340350151062 -0.6421879529953003 4.423430442810059 -3.17340350151062 -0.6248711347579956 4.423430442810059 1.9682331085205078 -0.7030285596847534 0.0 1.9682331085205078 -2.1808509826660156 3.268383264541626 -1.9682347774505615 0.7030285596847534 3.268383264541626 1.9682331085205078 0.7030285596847534 0.0 1.9682331085205078 0.7030285596847534 0.7231789827346802 1.9682331085205078 -2.1808509826660156 0.7231789827346802 1.9682331085205078 -0.7030285596847534 0.7231789827346802 -1.9682347774505615 -2.1808509826660156 2.4105896949768066 -3.011101484298706 -0.6532106399536133 4.062375068664551 -1.9682347774505615 -2.1808509826660156 3.0022709369659424 -1.8449151515960693 -0.4110225439071655 3.0022709369659424 -1.9130303859710693 0.024999529123306274 2.9411513805389404 -1.8449151515960693 -0.4110225439071655 3.0022709369659424 -1.8449151515960693 -1.066799521446228 3.0022709369659424 -1.8449151515960693 -1.066799521446228 2.4105896949768066 -1.8449151515960693 -0.4110225439071655 2.4105896949768066 -1.9130303859710693 0.024999529123306274 2.9411513805389404 -1.9130303859710693 0.4073545038700104 2.9411513805389404 -1.9130303859710693 0.024999529123306274 2.7538251876831055 -1.9130303859710693 0.4073545038700104 2.7538251876831055 -1.8588464260101318 -1.9231547117233276 2.984365224838257 -1.8588464260101318 -1.9231547117233276 2.984365224838257 -1.8588464260101318 -1.76640784740448 2.984365224838257 -1.8588464260101318 -1.76640784740448 2.6762619018554688 -4.419304847717285 3.1005094051361084 1.4644126892089844 -1.9682345390319824 3.1005094051361084 1.5054574012756348 -1.9682345390319824 3.0348916053771973 1.5054574012756348 -4.419304847717285 -2.2464687824249268 1.5054574012756348 -4.340423583984375 -2.1808509826660156 1.5054574012756348 -4.419304847717285 -2.2464687824249268 1.5054574012756348 -4.340423583984375 -2.1808509826660156 1.4644126892089844 -4.419304847717285 -2.2464687824249268 1.4644126892089844 -4.419304847717285 3.1005094051361084 1.4644126892089844 -4.340423583984375 -2.1808509826660156 0.7231789827346802 -4.419304847717285 -2.2464687824249268 0.7231789827346802 -4.419304847717285 3.1005094051361084 0.7231789827346802 -4.419304847717285 -2.2464687824249268 0.7642236948013306 -4.419304847717285 -2.2464687824249268 0.7642236948013306 -4.340423583984375 -2.1808509826660156 0.7642236948013306 -4.340423583984375 3.0348916053771973 0.7642236948013306 -1.9682345390319824 3.0348916053771973 0.7642236948013306 -1.9682345390319824 3.1005094051361084 0.7642236948013306 -4.419304847717285 3.1005094051361084 0.7231789827346802 -5.266386985778809 -0.07984529435634613 0.7231789827346802 -5.266386985778809 -1.3923909664154053 0.7231789827346802 -5.266386985778809 -1.3923909664154053 1.491487979888916 -5.266386985778809 -0.07984529435634613 1.491487979888916 -4.364187240600586 0.7030285596847534 1.491487979888916 -5.266386985778809 -0.07984529435634613 0.7231789827346802 -5.266386985778809 -1.3923909664154053 1.491487979888916</float_array>
				<technique_common>
				<accessor source="#id-mesh-2-positions-array" count="687" stride="3">
					<param name="X" type="float"/>
					<param name="Y" type="float"/>
					<param name="Z" type="float"/>
				</accessor>
				</technique_common>
			</source>
			<source id="id-mesh-2-normals">
				<float_array id="id-mesh-2-normals-array" count="2061"> 0.0 -0.34611040353775024 0.9381694793701172 0.0 -0.34611040353775024 0.9381694793701172 0.0 -0.34611040353775024 0.9381694793701172 0.0 0.0 0.999969482421875 0.0 0.0 0.999969482421875 0.0 0.0 1.0 0.669057309627533 0.0 0.7431867122650146 1.0 0.0 0.0 1.0 0.0 0.0 0.0 1.0 0.0 0.0 1.0 0.0 0.0 1.0 0.0 -1.0 0.0 0.0 -1.0 0.0 0.0 -1.0 0.0 0.0 0.0 0.34611040353775024 0.9381694793701172 0.0 0.34611040353775024 0.9381694793701172 0.0 0.34611040353775024 0.9381694793701172 -0.7549669146537781 0.08017212152481079 -0.6508072018623352 -0.9525132179260254 0.07071138918399811 -0.29606005549430847 -1.0 0.0 0.0 0.0 0.0 -0.999969482421875 0.0 0.0 -1.0 0.0 0.0 -1.0 -1.0 0.0 0.0 -1.0 0.0 0.0 -1.0 0.0 0.0 0.0 0.0 -1.0 0.0 0.0 -1.0 0.0 0.0 -1.0 0.999969482421875 0.0 0.0 1.0 0.0 0.0 -1.0 0.0 0.0 -1.0 0.0 0.0 -1.0 0.0 0.0 1.0 0.0 0.0 0.5447859168052673 0.0 0.8385570645332336 -1.0 0.0 0.0 -1.0 0.0 0.0 -1.0 0.0 0.0 0.0 0.0 1.0 0.0 0.0 1.0 0.0 0.0 -1.0 1.0 0.0 0.0 1.0 0.0 0.0 0.0 1.0 0.0 0.0 1.0 0.0 -0.999969482421875 0.0 0.0 -1.0 0.0 0.0 1.0 0.0 0.0 0.0 -1.0 0.0 0.0 -1.0 0.0 0.0 -1.0 0.0 0.0 0.999969482421875 0.0 0.0 0.999969482421875 0.0 0.0 1.0 0.0 0.0 1.0 0.0 0.0 1.0 0.0 0.0 1.0 0.0 0.0 -1.0 0.0 0.0 -1.0 0.0 0.0 -1.0 0.0 -1.0 0.0 0.0 -1.0 0.0 0.0 -1.0 0.0 0.0 0.0 1.0 0.0 0.0 1.0 0.0 0.0 1.0 0.0 0.0 -1.0 0.0 0.0 -1.0 0.0 0.0 -1.0 0.0 -1.0 0.0 0.0 -1.0 0.0 0.0 -1.0 0.0 0.0 -0.999969482421875 0.0 0.0 -0.999969482421875 0.0 0.0 0.0 -1.0 0.0 0.0 -0.999969482421875 0.0 0.0 -1.0 0.0 0.032227545976638794 -0.3319193124771118 -0.9427472949028015 0.03415021300315857 0.0 -0.9993896484375 0.032197028398513794 -0.3342692255973816 -0.9418927431106567 0.0 0.999969482421875 0.0 0.0 1.0 0.0 0.0 1.0 0.0 0.029755547642707825 -0.490981787443161 -0.8706320524215698 0.029755547642707825 -0.490981787443161 -0.8706320524215698 0.032197028398513794 0.3342692255973816 -0.9418927431106567 0.029755547642707825 0.490981787443161 -0.8706320524215698 0.029755547642707825 0.490981787443161 -0.8706320524215698 0.032227545976638794 0.3319193124771118 -0.9427472949028015 0.0 -1.0 0.0 0.0 -1.0 0.0 0.0 -1.0 0.0 0.0 -1.0 0.0 0.0 0.5052034258842468 0.8629719018936157 0.0 0.5052034258842468 0.8629719018936157 0.0 0.5052034258842468 0.8629719018936157 0.0 0.0 -1.0 0.0 0.0 -1.0 0.0 0.0 -1.0 0.0 -1.0 0.0 0.0 0.0 -0.999969482421875 0.0 0.0 -0.999969482421875 0.0 0.0 -1.0 1.0 0.0 0.0 1.0 0.0 0.0 1.0 0.0 0.0 0.0 -0.999969482421875 0.0 0.0 -0.999969482421875 0.0 0.0 -1.0 0.0 -1.0 0.0 0.0 -1.0 0.0 0.0 -1.0 0.0 0.0 -1.0 0.0 0.0 -1.0 0.0 0.0 -1.0 0.0 0.0 -1.0 0.0 0.0 0.0 0.0 -1.0 0.0 0.0 -1.0 1.0 0.0 0.0 1.0 0.0 0.0 1.0 0.0 0.0 0.0 0.0 0.999969482421875 0.0 0.0 0.999969482421875 0.0 0.0 1.0 -1.0 0.0 0.0 -0.999969482421875 0.0 0.0 -1.0 0.0 0.0 0.0 1.0 0.0 0.0 1.0 0.0 0.0 1.0 0.0 1.0 0.0 0.0 1.0 0.0 0.0 1.0 0.0 0.0 0.0 0.0 1.0 0.0 0.0 1.0 0.0 0.0 1.0 0.0 0.0 -1.0 0.0 0.0 -1.0 0.0 0.0 -1.0 0.0 0.0 -1.0 0.0 0.0 -1.0 0.0 0.0 -1.0 0.0 0.0 -0.999969482421875 0.999969482421875 0.0 0.0 0.999969482421875 0.0 0.0 1.0 0.0 0.0 0.0 0.0 1.0 0.0 0.0 1.0 0.0 0.0 1.0 0.0 0.0 0.999969482421875 0.0 0.0 1.0 0.0 0.0 1.0 0.0 1.0 0.0 0.0 1.0 0.0 0.0 1.0 0.0 -1.0 0.0 0.0 -1.0 0.0 0.0 -1.0 0.0 0.0 0.0 1.0 0.0 0.0 1.0 0.0 0.0 1.0 0.0 1.0 0.0 0.0 1.0 0.0 0.0 1.0 0.0 0.0 0.0 -1.0 0.0 0.0 -1.0 0.0 0.0 -1.0 0.0 0.999969482421875 0.0 0.0 0.999969482421875 0.0 0.0 1.0 0.0 0.0 0.0 -1.0 0.0 0.0 -1.0 0.0 0.0 -1.0 0.0 -1.0 0.0 0.0 -1.0 0.0 0.0 -1.0 0.0 0.0 0.0 0.0 -1.0 0.0 0.0 -1.0 0.0 0.0 -1.0 0.0 0.0 1.0 0.0 0.0 1.0 0.0 0.0 1.0 1.0 0.0 0.0 1.0 0.0 0.0 1.0 0.0 0.0 0.0 -1.0 0.0 0.0 -1.0 0.0 0.0 -1.0 0.0 -1.0 0.0 0.0 -1.0 0.0 0.0 -1.0 0.0 0.0 0.0 1.0 0.0 0.0 1.0 0.0 0.0 1.0 0.0 0.0 0.0 -1.0 0.0 0.0 -1.0 0.0 0.0 -1.0 0.0 0.0 1.0 0.0 0.0 1.0 0.0 0.0 1.0 1.0 0.0 0.0 1.0 0.0 0.0 1.0 0.0 0.0 0.0 -1.0 0.0 0.0 -1.0 0.0 0.0 -1.0 0.0 -1.0 0.0 0.0 -1.0 0.0 0.0 -1.0 0.0 0.0 0.0 1.0 0.0 0.0 1.0 0.0 0.0 1.0 0.0 0.0 0.0 -1.0 0.0 0.0 -1.0 0.0 0.0 -1.0 0.0 0.0 1.0 0.0 0.0 1.0 0.0 0.0 1.0 1.0 0.0 0.0 1.0 0.0 0.0 1.0 0.0 0.0 0.0 -1.0 0.0 0.0 -1.0 0.0 0.0 -1.0 0.0 -1.0 0.0 0.0 -1.0 0.0 0.0 -1.0 0.0 0.0 0.0 1.0 0.0 0.0 1.0 0.0 0.0 1.0 0.0 0.0 0.0 -1.0 0.0 0.0 -1.0 0.0 0.0 -1.0 0.0 0.0 1.0 0.0 0.0 1.0 0.0 0.0 1.0 1.0 0.0 0.0 1.0 0.0 0.0 1.0 0.0 0.0 0.0 -1.0 0.0 0.0 -1.0 0.0 0.0 -1.0 0.0 -1.0 0.0 0.0 -1.0 0.0 0.0 -1.0 0.0 0.0 0.0 1.0 0.0 0.0 1.0 0.0 0.0 1.0 0.0 0.0 0.0 -1.0 0.0 0.0 -1.0 0.0 0.0 1.0 0.0 0.0 1.0 -1.0 0.0 0.0 -1.0 0.0 0.0 -1.0 0.0 0.0 -1.0 0.0 0.0 -1.0 0.0 0.0 -1.0 0.0 0.0 0.0 -1.0 0.0 0.0 -1.0 0.0 0.0 -1.0 0.0 1.0 0.0 0.0 1.0 0.0 0.0 1.0 0.0 0.0 0.0 0.0 1.0 0.0 0.0 1.0 0.0 0.0 1.0 0.0 0.0 -1.0 0.0 0.0 -1.0 0.0 0.0 -1.0 0.0 0.0 -1.0 0.0 0.0 -1.0 0.0 1.0 0.0 0.0 1.0 0.0 0.0 1.0 0.0 -1.0 0.0 0.0 -1.0 0.0 0.0 -1.0 0.0 0.0 0.0 -1.0 0.0 0.0 -1.0 0.0 0.0 -1.0 0.0 1.0 0.0 0.0 1.0 0.0 0.0 1.0 0.0 0.0 0.0 0.0 1.0 0.0 0.0 1.0 0.0 0.0 1.0 0.0 0.0 -1.0 0.0 0.0 -1.0 0.0 0.0 -1.0 0.0 1.0 0.0 0.0 1.0 0.0 0.0 1.0 0.0 0.65172278881073 0.0 0.7584154605865479 0.6373485326766968 0.0 0.7705618739128113 0.65172278881073 0.0 0.7584459781646729 0.0 -0.5480819344520569 0.8363902568817139 0.0 -0.5304422378540039 0.8476821184158325 0.0 -0.5304422378540039 0.8476821184158325 0.999969482421875 0.0 0.0 0.999969482421875 0.0 0.0 1.0 0.0 0.0 -0.999969482421875 0.0 0.0 -0.999969482421875 0.0 0.0 -1.0 0.0 0.0 0.0 -1.0 0.0 0.0 -1.0 0.0 0.0 -1.0 0.0 0.6357616186141968 0.0 0.7718436121940613 0.5914792418479919 0.0 0.8062685132026672 0.0 1.0 0.0 0.0 1.0 0.0 0.0 1.0 0.0 0.0 -0.2938016951084137 0.9558396935462952 -0.651753306388855 0.0 0.7584154605865479 -0.6373485326766968 0.0 0.7705312967300415 -0.6357921361923218 0.0 0.7718436121940613 0.0 0.0 0.999969482421875 0.0 0.0 1.0 0.0 0.617023229598999 0.7869197726249695 0.0 0.5983153581619263 0.8012329339981079 0.0 0.617023229598999 0.7869197726249695 -0.5914792418479919 0.0 0.8062685132026672 -0.5914792418479919 0.0 0.8062685132026672 0.0 0.5525986552238464 0.8333994746208191 0.0 0.5525986552238464 0.8333994746208191 0.02310251072049141 -0.02459791861474514 -0.999420166015625 0.10791344940662384 0.08642841875553131 -0.9903866648674011 0.02310251072049141 0.02459791861474514 -0.999420166015625 0.0 0.0 -0.999969482421875 0.0 0.0 -0.999969482421875 0.0 0.0 -1.0 0.0 0.0 0.999969482421875 0.0 0.0 0.999969482421875 0.0 0.0 1.0 -1.0 0.0 0.0 -0.999969482421875 0.0 0.0 -1.0 0.0 0.0 0.0 1.0 0.0 0.0 1.0 0.0 0.0 1.0 0.0 1.0 0.0 0.0 0.999969482421875 0.0 0.0 1.0 0.0 0.0 0.0 -1.0 0.0 0.0 -1.0 0.0 0.0 -1.0 0.0 0.0 0.0 -1.0 0.0 0.0 -1.0 0.0 0.0 -1.0 0.0 0.0 1.0 0.0 0.0 1.0 0.0 0.0 1.0 0.9866939187049866 0.0 0.16257210075855255 0.9866939187049866 0.0 0.16257210075855255 0.9866939187049866 0.0 0.16257210075855255 0.0 -0.9808648824691772 0.19452497363090515 0.0 -0.9808648824691772 0.19452497363090515 0.0 -0.9808648824691772 0.19452497363090515 -0.9866939187049866 0.0 0.16257210075855255 -0.9866939187049866 0.0 0.16257210075855255 -0.9866939187049866 0.0 0.16257210075855255 0.0 0.9808648824691772 0.19452497363090515 0.0 0.9808648824691772 0.19452497363090515 0.0 0.9808648824691772 0.19452497363090515 0.0 -1.0 0.0 0.0 -1.0 0.0 0.0 -1.0 0.0 0.0 -1.0 0.0 0.0 -1.0 0.0 0.0 1.0 0.0 0.0 1.0 0.0 0.0 1.0 0.0 0.0 0.0 -1.0 0.0 0.0 -1.0 0.0 0.0 -1.0 1.0 0.0 0.0 1.0 0.0 0.0 1.0 0.0 0.0 1.0 0.0 0.0 1.0 0.0 0.0 1.0 0.0 0.0 0.0 0.999969482421875 0.0 0.0 0.0 -1.0 0.0 1.0 0.0 0.0 0.0 1.0 0.0 0.0 1.0 0.0 0.0 1.0 0.999969482421875 0.0 0.0 1.0 0.0 0.0 1.0 0.0 0.0 0.0 -0.461165189743042 0.887295126914978 0.0 -0.461165189743042 0.887295126914978 0.0 -0.461165189743042 0.887295126914978 0.0 0.0 1.0 0.0 0.0 1.0 0.0 0.0 1.0 1.0 0.0 0.0 -0.7614368200302124 -0.08410900831222534 -0.6427198052406311 -0.730857253074646 0.005981627851724625 -0.6824548840522766 -0.9581591486930847 -0.06646931171417236 -0.2783288061618805 0.0 0.0 -1.0 0.0 0.0 -1.0 0.0 0.0 -1.0 1.0 0.0 0.0 0.0 1.0 0.0 0.0 1.0 0.0 0.0 1.0 0.0 0.0 1.0 0.0 -1.0 0.0 0.0 -1.0 0.0 0.0 -1.0 0.0 0.0 0.0 1.0 0.0 0.0 1.0 0.0 0.0 1.0 0.0 0.0 0.0 1.0 0.0 0.0 1.0 0.0 -1.0 0.0 0.0 -1.0 0.0 0.0 -1.0 0.0 -1.0 0.0 0.0 -0.999969482421875 0.0 0.0 -1.0 0.0 0.0 -1.0 0.0 0.0 -1.0 0.0 0.0 -1.0 0.0 0.0 -1.0 0.0 0.0 -1.0 0.0 0.0 -1.0 0.0 0.0 -1.0 0.0 0.0 -1.0 0.0 0.0 0.0 0.0 -0.999969482421875 0.0 0.0 -0.999969482421875 0.0 0.0 -1.0 0.0 0.0 0.999969482421875 0.0 0.0 0.999969482421875 0.0 0.0 1.0 0.0 -1.0 0.0 0.0 -1.0 0.0 0.0 -1.0 0.0 -0.999969482421875 -0.0006103701889514923 0.00238044373691082 -0.999969482421875 -0.0014954069629311562 -0.0009765923023223877 -0.999969482421875 -0.0011597033590078354 0.0009155552834272385 -0.999969482421875 0.0021057771518826485 0.0020142216235399246 -0.999969482421875 0.003997924737632275 -0.0026551103219389915 -0.99920654296875 0.001434369944036007 -0.039307840168476105 -0.999176025390625 -0.0005188146606087685 -0.0398571714758873 -0.999969482421875 0.0020447401329874992 0.0020447401329874992 -1.0 0.0 0.0 -1.0 0.0 0.0 -1.0 0.0 0.0 0.0 1.0 0.0 0.0 1.0 0.0 0.0 1.0 0.0 0.0 0.0 -0.999969482421875 0.0 0.0 -0.999969482421875 0.0 0.0 -1.0 0.0 -1.0 0.0 0.0 -1.0 0.0 0.0 -1.0 0.0 0.08215582370758057 0.08215582370758057 -0.9931943416595459 -0.10977508127689362 0.10977508127689362 -0.9878536462783813 0.10977508127689362 0.10977508127689362 -0.9878536462783813 0.08215582370758057 -0.08215582370758057 -0.9931943416595459 -0.10977508127689362 -0.10977508127689362 -0.9878536462783813 -0.08215582370758057 -0.08215582370758057 -0.9931943416595459 -0.08215582370758057 0.08215582370758057 -0.9931943416595459 0.10977508127689362 -0.10977508127689362 -0.9878536462783813 -0.02310251072049141 -0.02459791861474514 -0.999420166015625 -0.02310251072049141 0.02459791861474514 -0.999420166015625 -0.10791344940662384 -0.08642841875553131 -0.9903866648674011 0.08621478825807571 -0.06262397766113281 -0.9942930340766907 0.10791344940662384 -0.08642841875553131 -0.9903866648674011 -0.10791344940662384 0.08642841875553131 -0.9903866648674011 -0.08621478825807571 0.06262397766113281 -0.9942930340766907 -0.08621478825807571 -0.06262397766113281 -0.9942930340766907 0.08621478825807571 0.06262397766113281 -0.9942930340766907 -0.8402661085128784 0.0 0.5421003103256226 -0.999969482421875 0.0 0.0002441480755805969 0.0 0.0 -1.0 0.0 0.0 -1.0 0.0 0.0 -1.0 0.0 1.0 0.0 0.0 1.0 0.0 0.0 1.0 0.0 0.0 0.0 1.0 0.0 0.0 1.0 0.0 0.0 1.0 5.652724439642043e-07 0.0 0.9999999403953552 5.652724439642043e-07 0.0 0.9999999403953552 5.652724439642043e-07 0.0 0.9999999403953552 -1.0 0.0 0.0 -1.0 0.0 0.0 -1.0 0.0 0.0 -1.0141172879229998e-06 0.0 -1.0 -1.0141172879229998e-06 0.0 -1.0 -1.0141172879229998e-06 0.0 -1.0 -1.1046633972000564e-06 0.0 -1.0 -1.1046633972000564e-06 0.0 -1.0 -1.1046633972000564e-06 0.0 -1.0 -1.0 0.0 0.0 -1.0 0.0 0.0 -1.0 0.0 0.0 -4.592838536154886e-07 0.0 0.9999999403953552 -4.592838536154886e-07 0.0 0.9999999403953552 -4.592838536154886e-07 0.0 0.9999999403953552 0.0 0.0 1.0 0.0 0.0 1.0 0.0 0.0 1.0 0.0 1.0 0.0 0.0 1.0 0.0 0.0 1.0 0.0 0.0 0.0 -1.0 0.0 0.0 -1.0 0.0 0.0 -1.0 -1.0 0.0 0.0 -1.0 0.0 0.0 -1.0 0.0 0.0 0.0 0.0 1.0 0.0 0.0 1.0 0.0 0.0 1.0 0.0 0.0 1.0 0.0 0.0 1.0 -0.6553850173950195 0.7552720904350281 0.0 -0.6553850173950195 0.7552720904350281 0.0 -0.6553850173950195 0.7552720904350281 0.0 0.0 0.0 1.0 0.0 0.0 1.0 0.0 0.0 -1.0 0.0 0.0 -0.999969482421875 -0.6580401062965393 -0.7529526948928833 0.0 -0.6580401062965393 -0.7529526948928833 0.0 -0.6580401062965393 -0.7529526948928833 0.0 0.0 -0.34611040353775024 0.9381694793701172 0.0 0.0 1.0 0.0 1.0 0.0 0.0 0.34611040353775024 0.9381694793701172 0.0 0.0 -1.0 -1.0 0.0 0.0 1.0 0.0 0.0 -1.0 0.0 0.0 1.0 0.0 0.0 0.0 -1.0 0.0 0.0 1.0 0.0 0.0 1.0 0.0 -1.0 0.0 0.0 0.0 -1.0 0.0 -1.0 0.0 0.0 0.0 -1.0 0.0 0.03415021300315857 0.0 -0.9993896484375 0.0 1.0 0.0 0.0 0.5052034258842468 0.8629719018936157 0.0 0.0 -1.0 0.0 0.0 -1.0 1.0 0.0 0.0 0.0 -1.0 0.0 -1.0 0.0 0.0 -1.0 0.0 0.0 -1.0 0.0 0.0 -0.999969482421875 0.0 0.0 -1.0 0.0 0.0 -1.0 0.0 0.0 0.0 0.0 1.0 -1.0 0.0 0.0 0.0 1.0 0.0 1.0 0.0 0.0 0.0 0.0 -1.0 1.0 0.0 0.0 0.0 0.0 1.0 0.0 1.0 0.0 -1.0 0.0 0.0 0.0 1.0 0.0 1.0 0.0 0.0 0.0 -1.0 0.0 1.0 0.0 0.0 0.0 -1.0 0.0 -1.0 0.0 0.0 0.0 0.0 -1.0 0.0 0.0 1.0 1.0 0.0 0.0 0.0 -1.0 0.0 -1.0 0.0 0.0 0.0 1.0 0.0 0.0 0.0 -1.0 0.0 0.0 1.0 1.0 0.0 0.0 0.0 -1.0 0.0 -1.0 0.0 0.0 0.0 1.0 0.0 0.0 0.0 -1.0 0.0 0.0 1.0 1.0 0.0 0.0 0.0 -1.0 0.0 -1.0 0.0 0.0 0.0 1.0 0.0 0.0 0.0 -1.0 0.0 0.0 1.0 1.0 0.0 0.0 0.0 -1.0 0.0 -1.0 0.0 0.0 0.0 1.0 0.0 -1.0 0.0 0.0 -1.0 0.0 0.0 0.0 -1.0 0.0 1.0 0.0 0.0 0.0 0.0 1.0 0.0 0.0 -1.0 0.0 1.0 0.0 -1.0 0.0 0.0 0.0 -1.0 0.0 1.0 0.0 0.0 0.0 0.0 1.0 0.0 0.0 -1.0 0.0 1.0 0.0 0.0 -0.5480819344520569 0.8363902568817139 1.0 0.0 0.0 -1.0 0.0 0.0 0.0 -1.0 0.0 0.5914792418479919 0.0 0.8062685132026672 0.0 1.0 0.0 0.0 -0.2938016951084137 0.9558396935462952 -0.65172278881073 0.0 0.7584154605865479 0.0 0.5983153581619263 0.8012329339981079 0.0 0.0 -1.0 0.0 0.0 1.0 -1.0 0.0 0.0 0.0 1.0 0.0 1.0 0.0 0.0 0.0 -1.0 0.0 0.0 0.0 -1.0 0.0 0.0 1.0 0.9866939187049866 0.0 0.16257210075855255 0.0 -0.9808648824691772 0.19452497363090515 -0.9866939187049866 0.0 0.16257210075855255 0.0 0.9808648824691772 0.19452497363090515 0.0 -1.0 0.0 0.0 -1.0 0.0 0.0 1.0 0.0 0.0 0.0 -1.0 1.0 0.0 0.0 0.999969482421875 0.0 0.0 0.0 0.0 -1.0 0.0 0.0 1.0 0.0 -0.461165189743042 0.887295126914978 -1.0 0.0 0.0 0.0 0.0 -1.0 0.0 1.0 0.0 -1.0 0.0 0.0 0.0 1.0 0.0 0.0 0.0 1.0 0.0 -1.0 0.0 -1.0 0.0 0.0 0.0 0.0 -1.0 0.0 0.0 1.0 0.0 -1.0 0.0 -1.0 0.0 0.0 0.0 1.0 0.0 0.0 0.0 -1.0 0.0 -1.0 0.0 0.0 0.0 -1.0 0.0 1.0 0.0 0.0 0.0 1.0 0.0 0.0 1.0 0.0 0.0 1.0 -1.0 0.0 0.0 2.261089775856817e-06 0.0 -0.9999999403953552 2.261089775856817e-06 0.0 -0.9999999403953552 2.261089775856817e-06 0.0 -0.9999999403953552 1.1305448879284086e-06 0.0 -0.9999999403953552 1.1305448879284086e-06 0.0 -0.9999999403953552 1.1305448879284086e-06 0.0 -0.9999999403953552 -1.0 0.0 0.0 1.1589911537157604e-06 0.0 1.0 1.1589911537157604e-06 0.0 1.0 1.1589911537157604e-06 0.0 1.0 0.0 0.0 1.0 0.0 1.0 0.0 0.0 0.0 -1.0 -1.0 0.0 0.0 -1.0 0.0 0.0 -1.0 0.0 0.0 -1.0 0.0 0.0 0.0 0.0 0.999969482421875 -0.6553850173950195 0.7552720904350281 0.0 -0.6580401062965393 -0.7529526948928833 0.0</float_array>
				<technique_common>
				<accessor source="#id-mesh-2-normals-array" count="687" stride="3">
					<param name="X" type="float"/>
					<param name="Y" type="float"/>
					<param name="Z" type="float"/>
				</accessor>
				</technique_common>
			</source>
			<vertices id="id-mesh-2-vertices">
				<input semantic="POSITION" source="#id-mesh-2-positions"/>
			</vertices>
			<triangles count="448">
				<input semantic="VERTEX" source="#id-mesh-2-vertices" offset="0"/>
				<input semantic="NORMAL" source="#id-mesh-2-normals" offset="0"/>
				<p> 0 1 2 3 4 5 6 7 8 9 10 11 12 13 14 15 16 17 18 19 20 21 22 23 24 25 26 27 28 29 30 8 31 32 33 34 35 7 36 37 38 39 40 41 41 42 23 22 7 31 8 43 7 44 45 11 46 47 14 48 8 49 6 50 51 52 53 54 55 56 57 58 59 60 61 62 63 64 65 66 67 68 69 70 37 71 72 72 73 74 26 75 24 26 74 75 73 72 71 26 72 74 76 77 78 79 80 81 82 83 84 85 81 86 87 88 89 80 90 87 70 91 92 68 93 94 95 96 97 98 99 100 70 101 93 102 103 104 105 106 107 108 109 110 111 38 12 112 113 114 115 116 117 99 118 119 120 121 122 123 124 125 126 127 128 129 130 131 132 133 134 135 136 137 138 139 140 141 142 143 144 138 142 145 146 147 148 149 150 135 151 148 152 153 136 154 155 156 157 158 159 160 161 162 163 164 165 166 167 168 169 170 171 172 173 174 175 176 177 178 179 180 181 182 183 184 185 186 187 188 189 190 191 192 193 194 195 196 197 198 199 200 201 202 203 204 205 206 207 208 209 210 211 212 213 214 215 216 217 218 219 220 221 222 223 224 225 226 227 228 229 230 231 232 233 234 235 236 237 238 239 240 241 242 243 244 245 246 247 248 249 250 143 251 150 252 253 254 255 256 257 258 259 260 261 262 263 264 265 266 267 268 269 270 271 140 272 273 274 275 276 277 278 279 280 281 282 283 284 285 286 287 288 289 290 291 292 293 294 295 296 297 298 299 300 301 302 303 304 305 306 307 308 309 310 311 296 312 313 314 299 315 300 316 317 318 315 319 320 321 322 323 318 324 325 322 326 327 328 329 330 331 332 333 334 335 336 337 338 339 340 341 342 343 344 345 346 347 348 349 350 351 352 353 354 355 356 357 358 359 360 361 362 363 364 365 366 59 367 368 369 370 371 372 373 374 375 376 377 378 379 380 381 382 383 122 382 379 131 384 65 100 385 98 130 386 131 387 388 389 390 391 392 393 394 395 396 397 398 388 396 389 63 126 64 122 399 120 132 134 390 400 401 18 400 402 401 403 404 405 132 120 399 120 392 406 130 374 407 91 371 92 378 132 399 408 409 410 411 412 413 414 415 416 388 417 418 419 420 421 422 423 424 425 423 426 427 428 422 427 426 429 430 431 432 433 434 435 436 437 438 439 440 441 442 443 444 445 446 447 448 446 443 442 449 445 450 451 452 453 454 455 456 457 458 459 460 461 462 463 464 465 466 467 468 466 463 462 469 465 328 462 470 330 465 467 330 468 328 470 465 471 472 473 474 470 474 328 470 475 472 330 475 471 476 473 477 475 477 472 475 478 476 329 473 478 479 38 480 481 482 483 484 485 486 487 488 489 490 491 492 493 494 495 496 497 498 499 500 501 502 503 504 505 506 507 508 509 510 511 512 513 514 515 516 517 518 519 520 521 522 520 523 524 525 526 527 524 528 529 99 530 531 532 533 534 0 535 1 3 536 4 6 36 7 9 537 10 12 479 13 15 538 16 18 401 19 21 539 22 24 540 25 27 42 28 30 541 8 32 542 33 35 44 7 37 72 38 40 40 41 42 27 23 7 543 31 43 543 7 45 9 11 47 12 14 8 541 49 50 544 51 53 545 54 56 546 57 59 368 60 62 547 63 65 384 66 68 548 69 37 549 71 76 550 77 79 551 80 82 552 83 85 79 81 87 90 88 80 551 90 70 69 91 68 70 93 95 553 96 98 554 99 70 92 101 102 555 103 105 556 106 108 557 109 111 558 38 559 114 113 560 112 114 113 561 559 562 559 561 115 563 116 99 554 118 120 406 121 123 564 124 126 565 127 129 566 130 132 567 133 135 152 136 138 568 139 141 144 142 144 568 138 145 569 146 148 151 149 135 137 151 152 570 153 154 571 155 157 572 158 160 573 161 163 574 164 166 575 167 169 576 170 172 577 173 175 578 176 178 579 179 181 580 182 184 581 185 187 582 188 190 583 191 193 584 194 196 585 197 199 586 200 202 587 203 205 588 206 208 589 209 211 590 212 214 591 215 217 592 218 220 593 221 223 594 224 226 595 227 229 596 230 232 597 233 235 598 236 238 599 239 241 600 242 244 601 245 247 602 248 250 141 143 150 149 252 254 603 255 257 604 258 260 605 261 263 606 264 266 607 267 269 608 270 140 139 272 274 609 275 277 610 278 280 611 281 283 612 284 286 613 287 289 614 290 292 615 293 295 310 296 298 616 299 301 617 302 304 618 305 307 619 308 310 620 311 312 621 313 299 622 315 316 623 317 315 622 319 321 624 322 318 317 324 322 624 326 328 474 329 331 625 332 334 626 335 337 627 338 340 628 341 343 629 344 346 630 347 349 631 350 352 632 353 355 633 356 358 634 359 361 635 362 364 636 365 59 637 367 369 638 370 372 639 373 375 640 376 378 399 379 381 641 382 641 380 379 122 121 642 641 379 382 122 642 382 131 386 384 100 643 385 130 407 386 387 644 388 390 134 391 393 645 394 396 418 397 388 418 396 63 565 126 122 379 399 400 646 402 403 647 404 132 390 120 120 390 392 130 372 374 91 369 371 378 567 132 408 648 409 411 649 412 414 650 415 388 651 417 419 652 420 422 428 423 425 424 423 427 429 428 427 425 426 430 653 431 433 654 434 436 655 437 439 656 440 442 448 443 445 449 446 448 447 446 442 444 449 450 657 451 453 658 454 456 659 457 459 660 460 462 468 463 465 469 466 468 467 466 462 464 469 328 468 462 330 471 465 330 467 468 470 462 465 472 477 473 470 472 474 470 471 475 330 329 475 476 478 473 475 476 477 475 329 478 329 474 473 480 41 479 479 12 38 38 72 480 481 661 482 484 662 485 487 663 488 664 665 487 493 666 494 667 668 669 670 671 672 502 673 503 674 675 676 508 677 509 511 678 512 514 679 515 680 519 518 681 682 517 518 683 680 681 517 519 520 684 521 520 522 523 525 685 526 524 523 528 99 119 530 532 686 533 </p>
			</triangles>
		</mesh>
	</geometry>
</library_geometries>
<library_controllers>
</library_controllers>
<library_cameras>
</library_cameras>
<library_lights>
</library_lights>
<library_visual_scenes>
	<visual_scene id="id-scene-1" name="scene">
		<node id="Building1" name="Building1" type="NODE">
			<matrix sid="transform"> 2.0 0.0 0.0 23.01586151123047 0.0 1.8867764472961426 0.0 -0.38926032185554504 0.0 0.0 4.0 -0.14225101470947266 0.0 0.0 0.0 1.0  </matrix>
			<instance_geometry url="#id-mesh-2">
			</instance_geometry>
		</node>
	</visual_scene>
</library_visual_scenes>
<scene>
	<instance_visual_scene url="#id-scene-1" />
</scene>
</COLLADA>
